2025-07-13 252 252 3389096 0 0 0 217330 0 24.74 0 31094
2025-07-14 1044 792 2783755 605341 0 0 183645 33685 98.06 791.97 27128
2025-07-15 1772 727 2537119 246636 0 0 168710 14935 156.61 759.68 25450
2025-07-16 3111 1339 2244969 292150 0 0 151502 17208 269.24 952.95 23139
2025-07-17 3706 594 2158935 86034 0 0 145949 5553 302.3 863.32 22592
2025-07-18 4453 748 2062446 96489 0 0 140024 5925 339.88 840.21 21957
2025-07-19 5313 860 1966889 95557 0 0 134058 5966 398.47 843.47 21107
2025-07-20 6571 1258 1855175 111714 0 0 127149 6909 469.98 902.63 20267
2025-07-21 7480 910 1782328 72847 0 0 122802 4347 515.97 903.53 19849
2025-07-22 7698 218 1767639 14689 0 0 121838 964 523.99 827.31 19844
2025-07-23 9022 1324 1688302 79337 0 0 116630 5208 576.45 877.02 19516
2025-07-24 10117 1095 1629355 58947 0 0 112918 3712 851.18 896.8 19013
2025-07-25 10745 628 1601161 28194 0 0 111043 1875 656.5 874.36 19078
2025-07-26 12367 1623 1530458 70703 0 0 106652 4391 709.52 931.94 18743
2025-07-27 12783 416 1514982 15476 0 0 105549 1103 677.66 895.07 18786
2025-07-28 13652 868 1481839 33143 0 0 103469 2080 687.38 893.29 18515
2025-07-29 13995 343 1468619 13220 0 0 102697 772 656.67 858.9 18704
2025-07-30 14928 933 1435805 32814 0 0 100768 1929 695.21 863.25 18349
2025-07-31 15205 277 1427533 8272 0 0 100142 626 687.89 830.71 18379
2025-08-01 16041 836 1401550 25983 0 0 98511 1631 676.97 830.97 18484
2025-08-02 16764 723 1380883 20667 0 0 97134 1377 687.34 825.57 18165
2025-08-03 17897 1133 1350025 30858 0 0 95224 1910 747.38 840.2 17525
2025-08-04 18689 792 1329691 20334 0 0 93935 1289 772.54 838.02 17088
2025-08-05 19502 813 1309987 19704 0 0 92674 1261 741.01 836.93 17516
2025-08-06 20221 719 1293419 16568 0 0 91597 1077 743.44 832.02 17332
2025-08-07 22153 1932 1250925 42494 0 0 88980 2617 862.59 876.03 16310
2025-08-08 23128 975 1231967 18958 0 0 87745 1235 864.67 879.83 16113
2025-08-09 23815 687 1219562 12405 0 0 86951 794 848.9 872.68 16033
2025-08-10 24620 805 1205003 14559 0 0 86013 938 852.88 870.27 15876
2025-08-11 25461 841 1190248 14755 0 0 85051 962 848.54 869.26 15843
2025-08-12 25574 113 1188390 1858 0 0 84930 121 812.81 844.05 16122
2025-08-13 25574 0 1188415 -25 0 0 84929 1 688.34 816.63 16963
2025-08-14 26571 997 1171783 16632 0 0 83900 1029 728.02 822.47 16584
2025-08-15 27317 746 1160204 11579 0 0 83120 780 725.5 820.15 16515
2025-08-16 28150 833 1147145 13059 0 0 82227 893 768.75 820.51 16148
2025-08-17 28150 0 1147157 -12 0 0 82227 0 660.33 797.07 16791
2025-08-18 28150 0 1147167 -10 0 0 82229 -2 598.07 774.93 17155
2025-08-19 29885 1736 1121301 25866 0 0 80575 1654 711.21 800.89 16482
2025-08-20 30458 573 1113391 7910 0 0 80101 474 732.3 794.89 16414
2025-08-21 31408 949 1100428 12963 0 0 79210 891 745.17 798.86 16397
2025-08-22 31933 525 1093605 6823 0 0 78750 460 704.47 792.01 16634
2025-08-23 33133 1200 1078615 14990 0 0 77785 965 755.32 801.97 16415
2025-08-24 33779 646 1070252 8363 0 0 77309 476 750.03 798.26 16388
2025-08-25 34106 327 1066385 3867 0 0 77047 262 707.92 787.29 16733
2025-08-26 35837 1731 1046465 19920 0 0 75693 1354 798.15 808.74 16237
2025-08-27 36999 1162 1033352 13113 0 0 74871 822 850.34 816.59 16011
2025-08-28 38759 1761 1015225 18127 0 0 73651 1220 912.05 837.11 15743
2025-08-29 39373 614 1008973 6252 0 0 73265 386 877.72 832.36 15977
2025-08-30 40598 1225 997299 11674 0 0 72495 770 911.55 840.54 15854
2025-08-31 41043 445 992541 4758 0 0 72209 286 924.46 832.47 15822
2025-09-01 43476 2433 969827 22714 0 0 70792 1417 1029.91 864.47 15218
2025-09-02 43554 79 969128 699 0 0 70755 37 988.14 849.06 15042
2025-09-03 43554 0 969139 -11 0 0 70756 -1 833.08 832.73 15515
2025-09-04 44987 1433 956979 12160 0 0 69983 773 905.54 844.06 14935
2025-09-05 47654 2667 935251 21728 0 0 68540 1443 1078.07 877.82 13994
2025-09-06 47726 72 934681 570 0 0 68498 42 987.18 863.16 14248
2025-09-07 49154 1427 923318 11363 0 0 67780 718 1006.78 873.24 13980
2025-09-08 50004 850 917271 6047 0 0 67352 428 991.89 872.83 13918
2025-09-09 52619 2615 898406 18865 0 0 66095 1257 1139.4 902.88 13104
2025-09-10 54459 1840 886093 12313 0 0 65273 822 1210.18 918.76 12700
2025-09-11 54732 273 884164 1929 0 0 65141 132 1125.29 908 12850
2025-09-12 57647 2915 865847 18317 0 0 63941 1200 1328.56 940.89 12073
2025-09-13 61075 3428 845199 20648 0 0 62567 1374 1480.98 981.01 11421
2025-09-14 62141 1066 839349 5850 0 0 62184 383 1454.93 985.43 11311
2025-09-15 63363 1222 832529 6820 0 0 61753 431 1417.73 993.41 11291
2025-09-16 63402 39 832361 168 0 0 61730 23 1398.4 972.43 11190
2025-09-17 63436 34 832198 163 0 0 61718 12 1162.01 963.39 11734
2025-09-18 63691 255 830880 1318 0 0 61615 103 1093.49 955.44 11854
2025-09-19 63731 40 830696 184 0 0 61605 10 1009.32 942.22 11908
2025-09-20 63731 0 830703 -7 0 0 61606 -1 885.79 921.94 12247
2025-09-21 65137 1406 823089 7614 0 0 61154 452 1004.22 929.95 11527
2025-09-22 65185 48 822864 225 0 0 61122 32 862.5 927.21 11840
2025-09-23 66053 868 818504 4360 0 0 60829 293 922.37 919.85 11443
2025-09-24 67890 1837 808932 9572 0 0 60215 614 987.14 931.82 10921
2025-09-25 69889 2000 799371 9561 0 0 59568 647 1027.3 953.95 10610
2025-09-26 70323 433 797288 2083 0 0 59429 139 989.6 934.77 10609
2025-09-27 70323 0 797296 -8 0 0 59428 1 876.88 928.06 10832
2025-09-28 71068 745 794130 3166 0 0 59209 219 890.14 926.07 10819
2025-09-29 72025 957 789843 4287 0 0 58923 286 884.86 935.98 10763
2025-09-30 72843 818 785851 3992 0 0 58667 256 891.76 934.13 11428
2025-10-01 73387 544 783520 2331 0 0 58502 165 870.61 938.42 11461
2025-10-02 74851 1464 777108 6412 0 0 58073 429 897.99 948.55 11419
2025-10-03 75301 450 775080 2028 0 0 57936 137 896.03 944.14 11460
2025-10-04 76473 1172 770113 4967 0 0 57614 322 916.72 944.78 11428
2025-10-05 76903 430 768211 1902 0 0 57480 134 829.16 938.94 11624
2025-10-06 77705 802 764996 3215 0 0 57260 220 849.91 938.76 11709
2025-10-07 78577 872 761560 3436 0 0 57031 229 849.91 941.23 11608
2025-10-08 79441 864 757708 3852 0 0 56776 255 860.17 923.99 11594
2025-10-09 79441 0 757725 -17 0 0 56777 -1 751.41 908.27 11982
2025-10-10 81379 1939 750076 7649 0 0 56246 531 814.21 928.46 11799
2025-10-11 84008 2629 739647 10429 0 0 55528 718 954.08 957.87 11437
2025-10-12 85275 1267 734825 4822 0 0 55228 300 987.08 964.74 11350
2025-10-13 87096 1821 728018 6807 0 0 54760 468 1051.16 992.29 11224
2025-10-14 87169 74 727748 270 0 0 54748 12 977.96 993.48 11431
2025-10-15 88097 927 724505 3243 0 0 54512 236 1031.93 992.35 11226
2025-10-16 88676 579 722471 2034 0 0 54358 154 923.95 989.66 11549
2025-10-17 89550 875 719286 3185 0 0 54130 228 918.3 990.34 11573
2025-10-18 90848 1298 714782 4504 0 0 53828 302 1000.55 1011.27 11366
2025-10-19 92745 1897 708399 6383 0 0 53416 412 1056.29 1041.86 11255
2025-10-20 92745 0 708409 -10 0 0 53415 1 926.43 1013.87 11686
2025-10-21 94651 1906 702120 6289 0 0 53040 375 1047.8 1035.37 11362
2025-10-22 94651 0 702131 -11 0 0 53041 -1 920.2 1020.06 11714
2025-10-23 95440 789 699711 2420 0 0 52858 183 922.96 1024.31 11721
2025-10-24 95440 0 699719 -8 0 0 52858 0 821.66 1004.95 12102
2025-10-25 96804 1364 695199 4520 0 0 52580 278 873.24 1016.53 11970
2025-10-26 97717 912 692341 2858 0 0 52381 199 877.44 1025.98 12000
2025-10-27 98034 318 691365 976 0 0 52322 59 899.27 1003.18 11924
2025-10-28 100987 2953 681929 9436 0 0 51711 611 1017.04 1032.08 11591
2025-10-29 103566 2578 674155 7774 0 0 51185 526 1167.58 1045.27 11217
2025-10-30 106192 2626 666630 7525 0 0 50718 467 1315.09 1077.72 10824
2025-10-31 108279 2087 660845 5785 0 0 50348 370 1382.61 1091.63 10696
2025-11-03 110293 2014 655325 5520 0 0 49947 401 1337.39 1116.94 10758
2025-11-04 110547 254 654509 816 0 0 49905 42 1224.96 1081.8 10996
2025-11-05 111973 1425 650720 3789 0 0 49652 253 1244.56 1103.52 10961
2025-11-06 112357 385 649665 1055 0 0 49580 72 1172.24 1109.73 11096
2025-11-07 113594 1237 646486 3179 0 0 49368 212 1252.81 1106.57 10958
2025-11-08 115699 2104 640912 5574 0 0 49027 341 1289.11 1097.49 10911
2025-11-09 115699 0 640920 -8 0 0 49028 -1 1125.45 1096.33 11282
2025-11-10 118265 2567 634338 6582 0 0 48587 441 1264.58 1114.71 10991
2025-11-11 118523 258 633751 587 0 0 48557 30 1248.86 1105.15 11041
2025-11-12 118631 107 633419 332 0 0 48540 17 1054.28 1064.7 11532
2025-11-13 118935 305 632701 718 0 0 48494 46 1011.81 1039.94 11650
2025-11-14 120977 2041 627567 5134 0 0 48179 315 1133.29 1068.46 11373
2025-11-15 120977 0 627585 -18 0 0 48178 -1 972.49 1021.45 11788
2025-11-16 121982 1005 625714 1871 0 0 48093 85 1022.98 982.37 11231
2025-11-17 122017 35 625126 588 0 0 48025 68 903.94 965.74 12014
2025-11-18 122724 707 623379 1747 0 0 47909 116 869.64 957.44 12067
2025-11-19 124268 1543 619690 3689 0 0 47658 251 877.84 981.71 12066
2025-11-20 125616 1348 616457 3233 0 0 47463 195 905.8 1002.9 11947
2025-11-21 125616 0 616463 -6 0 0 47464 -1 811.84 998.79 12208
2025-11-22 127088 1472 613157 3306 0 0 47238 226 875.79 1021.89 11953
2025-11-23 127603 514 611904 1253 0 0 47156 82 891.87 1030.19 11938
2025-11-24 128970 1367 608820 3084 0 0 46941 215 900.9 1029.56 11828
2025-11-25 130293 1323 605925 2895 0 0 46774 167 930.05 1050.12 11891
2025-11-26 131853 1560 602597 3328 0 0 46567 207 1013.68 1061.28 11583
2025-11-27 133331 1479 599233 3364 0 0 46344 223 1072.87 1055.51 11426
2025-11-28 135083 1752 595379 3854 0 0 46080 264 1085.48 1051.51 11364
2025-11-29 135500 417 594522 857 0 0 46028 52 1021.89 1051.24 11470
2025-11-30 135768 269 593977 545 0 0 45995 33 959.96 1055.57 11657
2025-12-01 136227 459 593073 904 0 0 45948 47 959.28 1050.96 11653
2025-12-02 137559 1332 590289 2784 0 0 45769 179 964.87 1057 11659
2025-12-03 138082 523 589128 1161 0 0 45696 73 985.36 1052.23 11573
2025-12-04 138714 633 587875 1253 0 0 45609 87 880.38 1053.67 11868
2025-12-05 139814 1100 585672 2203 0 0 45476 133 910.84 1047.8 11761
2025-12-06 139814 0 585684 -12 0 0 45476 0 801.68 1040.54 12072
2025-12-07 142092 2278 581171 4513 0 0 45193 283 1011.27 1058.37 11443
2025-12-08 143255 1163 579007 2164 0 0 45051 142 997.34 1070.19 11441
2025-12-09 144534 1279 576457 2550 0 0 44895 156 1008.05 1077.88 11388
2025-12-10 145441 908 574773 1684 0 0 44788 107 1010.9 1078.46 11350
2025-12-11 146067 626 573633 1140 0 0 44707 81 995.57 1074.62 11379
2025-12-12 147153 1086 571543 2090 0 0 44570 137 948.3 1092.14 11482
2025-12-13 148018 865 569978 1565 0 0 44476 94 1013.29 1074.81 11470
2025-12-14 149482 1464 567243 2735 0 0 44304 172 1005.47 1056.02 11797
2025-12-15 150165 684 566007 1236 0 0 44224 80 950.5 1046.62 12056
2025-12-16 150948 783 564537 1470 0 0 44126 98 1002.89 1029.87 11862
2025-12-17 152604 1656 561530 3007 0 0 43944 182 1018.33 1055.4 11849
2025-12-18 153265 661 560359 1171 0 0 43875 69 1018.81 1051.1 11986
2025-12-19 153892 627 559184 1175 0 0 43805 70 927.04 1051.87 12281
2025-12-20 154708 816 557726 1458 0 0 43721 84 955.31 1050.92 12135
2025-12-21 155423 715 556499 1227 0 0 43645 76 959.72 1041.52 12063
2025-12-22 155423 0 556506 -7 0 0 43643 -2 807.27 1010.93 12829
2025-12-23 156566 1144 554531 1975 0 0 43513 130 867.52 1029.37 12865
2025-12-24 157524 958 552846 1685 0 0 43407 106 854.54 1014.08 13114
2025-12-25 158249 725 551666 1180 0 0 43330 77 836.69 1025.78 13298
2025-12-26 158636 387 550935 731 0 0 43270 60 816.81 1019.3 13507
2025-12-27 160585 1949 547572 3363 0 0 43031 239 909.38 1050.73 13172
2025-12-28 161607 1022 545833 1739 0 0 42933 98 917.77 1045.21 13255
2025-12-29 163914 2306 542082 3751 0 0 42687 246 1077.88 1067.69 12777
2025-12-30 165271 1357 539822 2260 0 0 42543 144 1071.06 1084.46 12789
2025-12-31 166042 771 538521 1301 0 0 42455 88 1042.84 1049.26 12801
2026-01-01 166813 771 537410 1111 0 0 42378 77 1050.07 1020.12 12718
2026-01-02 168058 1245 535439 1971 0 0 42244 134 1043.13 997.84 12643
2026-01-03 169745 1687 532786 2653 0 0 42080 164 1097.21 991.39 12506
2026-01-04 169745 0 532802 -16 0 0 42082 -2 990.34 958.9 12705
2026-01-05 171456 1711 530088 2714 0 0 41911 171 1067.9 982.4 12390
2026-01-06 172395 939 528693 1395 0 0 41820 91 1049.37 974.55 12433
2026-01-07 173495 1101 526979 1714 0 0 41707 113 1062.82 986.09 12287
2026-01-08 174065 570 526160 819 0 0 41654 53 1041.65 975.33 12285
2026-01-09 174950 885 524874 1286 0 0 41574 80 1013.27 955.66 12254
2026-01-10 176365 1415 522744 2130 0 0 41445 129 1037.22 978.48 12163
2026-01-11 177139 774 521602 1142 0 0 41373 72 1019.61 949.57 12154
2026-01-12 177831 692 520498 1104 0 0 41293 80 995.63 956.57 12192
2026-01-13 179091 1261 518742 1756 0 0 41186 107 1010.84 975.17 12148
2026-01-14 179707 616 517878 864 0 0 41130 56 972.75 980.2 12184
2026-01-15 180853 1145 516203 1675 0 0 41024 106 996.58 965.74 12046
2026-01-16 180966 113 516052 151 0 0 41014 10 961.29 967.57 12167
2026-01-17 183639 2674 512292 3760 0 0 40752 262 1066.72 994.48 11760
2026-01-18 184833 1194 510603 1689 0 0 40636 116 1082.54 1013.16 11711
2026-01-19 185959 1126 509008 1595 0 0 40537 99 1104.58 1019.92 11637
2026-01-20 187216 1257 507380 1628 0 0 40438 99 1146.52 1015.3 11415
2026-01-21 188909 1693 505100 2280 0 0 40293 145 1161.95 1020.86 11367
